#pragma once

#include <array>
#include <cmath>
#include <iostream>
#include <map>
#include <stdexcept>
#include <vector>

// Dunavant symmetric quadrature rules for triangles (barycentric coordinates)
// Format: {lambda0, lambda1, lambda2, weight}
// Weights are normalized so that sum(weights) = 0.5 (= triangle reference area)
//
// Source: Dunavant, "High Degree Efficient Symmetrical Gaussian Quadrature
// Rules for the Triangle", IJNME 21, 1129-1148 (1985).
// Weights from Burkardt's tables (sum=1.0 convention) are halved to match sum=0.5.

// D1: 1-point centroid rule (degree 1, error order n=2)
static constexpr std::array<std::array<double, 4>, 1> __dunavant_p2m_1__ = {{
    {1. / 3., 1. / 3., 1. / 3., 0.5}}};

// D3: 3-point rule (degree 2, error order n=3)
static constexpr std::array<std::array<double, 4>, 3> __dunavant_p2m_3__ = {{
    {2. / 3., 1. / 6., 1. / 6., 1. / 6.},
    {1. / 6., 2. / 3., 1. / 6., 1. / 6.},
    {1. / 6., 1. / 6., 2. / 3., 1. / 6.}}};

// D6: 6-point rule (degree 4, error order n=5, all positive weights)
static constexpr std::array<std::array<double, 4>, 6> __dunavant_p2m_6__ = {{
    {0.816847572980459, 0.091576213509771, 0.091576213509771, 0.054975871827661},
    {0.091576213509771, 0.816847572980459, 0.091576213509771, 0.054975871827661},
    {0.091576213509771, 0.091576213509771, 0.816847572980459, 0.054975871827661},
    {0.108103018168070, 0.445948490915965, 0.445948490915965, 0.111690794839006},
    {0.445948490915965, 0.108103018168070, 0.445948490915965, 0.111690794839006},
    {0.445948490915965, 0.445948490915965, 0.108103018168070, 0.111690794839006}}};

// D7: 7-point rule (degree 5, error order n=6)
static constexpr std::array<std::array<double, 4>, 7> __dunavant_p2m_7__ = {{
    {1. / 3., 1. / 3., 1. / 3., 0.1125},
    {0.059715871789770, 0.470142064105115, 0.470142064105115, 0.066197076394253},
    {0.470142064105115, 0.059715871789770, 0.470142064105115, 0.066197076394253},
    {0.470142064105115, 0.470142064105115, 0.059715871789770, 0.066197076394253},
    {0.797426985353087, 0.101286507323456, 0.101286507323456, 0.062969590272414},
    {0.101286507323456, 0.797426985353087, 0.101286507323456, 0.062969590272414},
    {0.101286507323456, 0.101286507323456, 0.797426985353087, 0.062969590272414}}};

// D12: 12-point rule (degree 6, error order n=7)
static constexpr std::array<std::array<double, 4>, 12> __dunavant_p2m_12__ = {{
    {0.501426509658179, 0.249286745170910, 0.249286745170910, 0.058393137863190},
    {0.249286745170910, 0.501426509658179, 0.249286745170910, 0.058393137863190},
    {0.249286745170910, 0.249286745170910, 0.501426509658179, 0.058393137863190},
    {0.873821971016996, 0.063089014491502, 0.063089014491502, 0.025422453185104},
    {0.063089014491502, 0.873821971016996, 0.063089014491502, 0.025422453185104},
    {0.063089014491502, 0.063089014491502, 0.873821971016996, 0.025422453185104},
    {0.053145049844817, 0.310352451033784, 0.636502499121399, 0.041425537809187},
    {0.053145049844817, 0.636502499121399, 0.310352451033784, 0.041425537809187},
    {0.310352451033784, 0.053145049844817, 0.636502499121399, 0.041425537809187},
    {0.310352451033784, 0.636502499121399, 0.053145049844817, 0.041425537809187},
    {0.636502499121399, 0.053145049844817, 0.310352451033784, 0.041425537809187},
    {0.636502499121399, 0.310352451033784, 0.053145049844817, 0.041425537809187}}};

// D13: 13-point rule (degree 7, error order n=8) — NOTE: has a negative center weight
static constexpr std::array<std::array<double, 4>, 13> __dunavant_p2m_13__ = {{
    {1. / 3., 1. / 3., 1. / 3., -0.074785022233841},
    {0.479308067841920, 0.260345966079040, 0.260345966079040, 0.087807628716604},
    {0.260345966079040, 0.479308067841920, 0.260345966079040, 0.087807628716604},
    {0.260345966079040, 0.260345966079040, 0.479308067841920, 0.087807628716604},
    {0.869739794195568, 0.065130102902216, 0.065130102902216, 0.026673617804419},
    {0.065130102902216, 0.869739794195568, 0.065130102902216, 0.026673617804419},
    {0.065130102902216, 0.065130102902216, 0.869739794195568, 0.026673617804419},
    {0.048690315425316, 0.312865496004874, 0.638444188569810, 0.038556880445129},
    {0.048690315425316, 0.638444188569810, 0.312865496004874, 0.038556880445129},
    {0.312865496004874, 0.048690315425316, 0.638444188569810, 0.038556880445129},
    {0.312865496004874, 0.638444188569810, 0.048690315425316, 0.038556880445129},
    {0.638444188569810, 0.048690315425316, 0.312865496004874, 0.038556880445129},
    {0.638444188569810, 0.312865496004874, 0.048690315425316, 0.038556880445129}}};

// D16: 16-point rule (degree 8, error order n=9)
static constexpr std::array<std::array<double, 4>, 16> __dunavant_p2m_16__ = {{
    {1. / 3., 1. / 3., 1. / 3., 0.072157803838894},
    {0.081414823414554, 0.459292588292723, 0.459292588292723, 0.047545817133643},
    {0.459292588292723, 0.081414823414554, 0.459292588292723, 0.047545817133643},
    {0.459292588292723, 0.459292588292723, 0.081414823414554, 0.047545817133643},
    {0.658861384496480, 0.170569307751760, 0.170569307751760, 0.051608685267359},
    {0.170569307751760, 0.658861384496480, 0.170569307751760, 0.051608685267359},
    {0.170569307751760, 0.170569307751760, 0.658861384496480, 0.051608685267359},
    {0.898905543365938, 0.050547228317031, 0.050547228317031, 0.016229248811599},
    {0.050547228317031, 0.898905543365938, 0.050547228317031, 0.016229248811599},
    {0.050547228317031, 0.050547228317031, 0.898905543365938, 0.016229248811599},
    {0.008394777409958, 0.263112829634638, 0.728492392955404, 0.013615157087218},
    {0.008394777409958, 0.728492392955404, 0.263112829634638, 0.013615157087218},
    {0.263112829634638, 0.008394777409958, 0.728492392955404, 0.013615157087218},
    {0.263112829634638, 0.728492392955404, 0.008394777409958, 0.013615157087218},
    {0.728492392955404, 0.008394777409958, 0.263112829634638, 0.013615157087218},
    {0.728492392955404, 0.263112829634638, 0.008394777409958, 0.013615157087218}}};

// D19: 19-point rule (degree 9, error order n=10)
static constexpr std::array<std::array<double, 4>, 19> __dunavant_p2m_19__ = {{
    {1. / 3., 1. / 3., 1. / 3., 0.048567898141400},
    {0.020634961602525, 0.489682519198738, 0.489682519198738, 0.015667350113570},
    {0.489682519198738, 0.020634961602525, 0.489682519198738, 0.015667350113570},
    {0.489682519198738, 0.489682519198738, 0.020634961602525, 0.015667350113570},
    {0.125820817014127, 0.437089591492937, 0.437089591492937, 0.038913770502387},
    {0.437089591492937, 0.125820817014127, 0.437089591492937, 0.038913770502387},
    {0.437089591492937, 0.437089591492937, 0.125820817014127, 0.038913770502387},
    {0.623592928761935, 0.188203535619033, 0.188203535619033, 0.039823869463605},
    {0.188203535619033, 0.623592928761935, 0.188203535619033, 0.039823869463605},
    {0.188203535619033, 0.188203535619033, 0.623592928761935, 0.039823869463605},
    {0.910540973211095, 0.044729513394453, 0.044729513394453, 0.012788837829349},
    {0.044729513394453, 0.910540973211095, 0.044729513394453, 0.012788837829349},
    {0.044729513394453, 0.044729513394453, 0.910540973211095, 0.012788837829349},
    {0.036838412054736, 0.221962989160766, 0.741198598784498, 0.021641769688645},
    {0.036838412054736, 0.741198598784498, 0.221962989160766, 0.021641769688645},
    {0.221962989160766, 0.036838412054736, 0.741198598784498, 0.021641769688645},
    {0.221962989160766, 0.741198598784498, 0.036838412054736, 0.021641769688645},
    {0.741198598784498, 0.036838412054736, 0.221962989160766, 0.021641769688645},
    {0.741198598784498, 0.221962989160766, 0.036838412054736, 0.021641769688645}}};

// D25: 25-point rule (degree 10, error order n=11)
static constexpr std::array<std::array<double, 4>, 25> __dunavant_p2m_25__ = {{
    {1. / 3., 1. / 3., 1. / 3., 0.045408995191377},
    {0.028844733232685, 0.485577633383657, 0.485577633383657, 0.018362978878234},
    {0.485577633383657, 0.028844733232685, 0.485577633383657, 0.018362978878234},
    {0.485577633383657, 0.485577633383657, 0.028844733232685, 0.018362978878234},
    {0.781036849029926, 0.109481575485037, 0.109481575485037, 0.022660529717764},
    {0.109481575485037, 0.781036849029926, 0.109481575485037, 0.022660529717764},
    {0.109481575485037, 0.109481575485037, 0.781036849029926, 0.022660529717764},
    {0.141707219414880, 0.307939838764121, 0.550352941820999, 0.036378958422710},
    {0.141707219414880, 0.550352941820999, 0.307939838764121, 0.036378958422710},
    {0.307939838764121, 0.141707219414880, 0.550352941820999, 0.036378958422710},
    {0.307939838764121, 0.550352941820999, 0.141707219414880, 0.036378958422710},
    {0.550352941820999, 0.141707219414880, 0.307939838764121, 0.036378958422710},
    {0.550352941820999, 0.307939838764121, 0.141707219414880, 0.036378958422710},
    {0.025003534762686, 0.246672560639903, 0.728323904597411, 0.014163621265529},
    {0.025003534762686, 0.728323904597411, 0.246672560639903, 0.014163621265529},
    {0.246672560639903, 0.025003534762686, 0.728323904597411, 0.014163621265529},
    {0.246672560639903, 0.728323904597411, 0.025003534762686, 0.014163621265529},
    {0.728323904597411, 0.025003534762686, 0.246672560639903, 0.014163621265529},
    {0.728323904597411, 0.246672560639903, 0.025003534762686, 0.014163621265529},
    {0.009540815400299, 0.066803251012200, 0.923655933587500, 0.004710833481867},
    {0.009540815400299, 0.923655933587500, 0.066803251012200, 0.004710833481867},
    {0.066803251012200, 0.009540815400299, 0.923655933587500, 0.004710833481867},
    {0.066803251012200, 0.923655933587500, 0.009540815400299, 0.004710833481867},
    {0.923655933587500, 0.009540815400299, 0.066803251012200, 0.004710833481867},
    {0.923655933587500, 0.066803251012200, 0.009540815400299, 0.004710833481867}}};

// Runtime selection of P2M quadrature rule by number of points
inline const std::vector<std::array<double, 4>>& getDunavantP2MRule(int n_points) {
  static const std::map<int, std::vector<std::array<double, 4>>> rules = {
      {1, {__dunavant_p2m_1__.begin(), __dunavant_p2m_1__.end()}},
      {3, {__dunavant_p2m_3__.begin(), __dunavant_p2m_3__.end()}},
      {6, {__dunavant_p2m_6__.begin(), __dunavant_p2m_6__.end()}},
      {7, {__dunavant_p2m_7__.begin(), __dunavant_p2m_7__.end()}},
      {12, {__dunavant_p2m_12__.begin(), __dunavant_p2m_12__.end()}},
      {13, {__dunavant_p2m_13__.begin(), __dunavant_p2m_13__.end()}},
      {16, {__dunavant_p2m_16__.begin(), __dunavant_p2m_16__.end()}},
      {19, {__dunavant_p2m_19__.begin(), __dunavant_p2m_19__.end()}},
      {25, {__dunavant_p2m_25__.begin(), __dunavant_p2m_25__.end()}}};
  auto it = rules.find(n_points);
  if (it == rules.end()) {
    std::string valid;
    for (const auto& [k, v] : rules)
      valid += std::to_string(k) + " ";
    throw std::runtime_error("getDunavantP2MRule: unsupported n_points=" + std::to_string(n_points) + ". Valid: " + valid);
  }
  return it->second;
}

// ── Quadrature accuracy test ───────────────────────────────────────────────
// Integrates barycentric monomials λ0^a λ1^b λ2^c over the reference triangle.
// Exact value: a! b! c! / (a+b+c+2)!
//
// A degree-d rule must integrate all monomials of total degree ≤ d exactly.

namespace dunavant_test {

inline double factorial(int n) {
  double f = 1.0;
  for (int i = 2; i <= n; ++i)
    f *= i;
  return f;
}

inline double exact_integral(int a, int b, int c) {
  return factorial(a) * factorial(b) * factorial(c) / factorial(a + b + c + 2);
}

struct RuleInfo {
  int n_points;
  int degree;
  const char* name;
};

inline void runQuadratureTest() {
  // Rule table: {n_points, degree, name}
  const std::vector<RuleInfo> rules_info = {
      {1, 1, "D1"},  {3, 2, "D3"},   {6, 4, "D6"},   {7, 5, "D7"},
      {12, 6, "D12"}, {13, 7, "D13"}, {16, 8, "D16"}, {19, 9, "D19"},
      {25, 10, "D25"}};

  const int max_test_degree = 12;

  std::cout << "\n=== Dunavant Quadrature Accuracy Test ===\n";
  std::cout << "Integrating lambda0^a * lambda1^b * lambda2^c over reference triangle (area=0.5)\n";
  std::cout << "Exact = a! b! c! / (a+b+c+2)!\n\n";

  // Header
  std::cout << "Rule  Pts  Deg | ";
  for (int d = 0; d <= max_test_degree; ++d)
    std::cout << "d=" << d << "       ";
  std::cout << "\n";
  std::cout << std::string(15, '-') << "-+-" << std::string((max_test_degree + 1) * 10, '-') << "\n";

  for (const auto& ri : rules_info) {
    const auto& rule = getDunavantP2MRule(ri.n_points);

    // Verify weight sum
    double w_sum = 0.0;
    for (const auto& pt : rule)
      w_sum += pt[3];

    printf("%-5s %2d   %2d  | ", ri.name, ri.n_points, ri.degree);

    for (int total_deg = 0; total_deg <= max_test_degree; ++total_deg) {
      // Compute max relative error over all monomials of this total degree
      double max_rel_err = 0.0;
      for (int a = total_deg; a >= 0; --a) {
        for (int b = total_deg - a; b >= 0; --b) {
          int c = total_deg - a - b;
          double exact = exact_integral(a, b, c);
          double numerical = 0.0;
          for (const auto& pt : rule) {
            double val = pt[3]; // weight
            for (int i = 0; i < a; ++i)
              val *= pt[0];
            for (int i = 0; i < b; ++i)
              val *= pt[1];
            for (int i = 0; i < c; ++i)
              val *= pt[2];
            numerical += val;
          }
          double rel_err = (exact > 0.0) ? std::abs(numerical - exact) / exact : std::abs(numerical - exact);
          max_rel_err = std::max(max_rel_err, rel_err);
        }
      }
      if (max_rel_err < 1e-14)
        printf(" <1e-14  ");
      else
        printf(" %.1e  ", max_rel_err);
    }
    printf(" (w_sum=%.15f)\n", w_sum);
  }
  std::cout << "\nExpected: degree-d rule has <1e-14 for all d <= degree, non-zero error for d > degree.\n";
  std::cout << "=== End Quadrature Test ===\n\n";
}

} // namespace dunavant_test
